38
0.10000 0.10000 0.00000 0.20000 0.80000 0.20000 0.20000 0.50000 0.70000 0.20000 0.50000 0.70000 0.40000 0.30000 0.40000 0.50000 0.40000 0.60000 0.40000 0.50000 0.50000 0.50000 0.30000 0.50000 0.60000 0.40000 0.50000 0.80000 0.50000 0.90000 0.60000 0.30000 0.60000 0.60000 0.60000 0.70000 0.50000 
0.13650 0.50000 1.57080 0.20000 0.80000 0.20000 0.20000 0.50000 0.70000 0.09900 0.50000 0.70000 0.40000 0.30000 0.40000 0.50000 0.40000 0.60000 0.40000 0.50000 0.50000 0.50000 0.30000 0.50000 0.60000 0.40000 0.50000 0.80000 0.50000 0.90000 0.60000 0.30000 0.60000 0.60000 0.60000 0.70000 0.50000 
0.70000 0.33650 0.00000 0.20000 0.80000 0.20000 0.20000 0.50000 0.70000 0.09900 0.50000 0.70000 0.29900 0.30000 0.40000 0.50000 0.40000 0.60000 0.40000 0.50000 0.50000 0.50000 0.30000 0.50000 0.60000 0.40000 0.50000 0.80000 0.50000 0.90000 0.60000 0.30000 0.60000 0.60000 0.60000 0.70000 0.50000 
0.23650 0.40000 1.57080 0.20000 0.80000 0.20000 0.20000 0.50000 0.70000 0.09900 0.50000 0.70000 0.29900 0.19900 0.40000 0.50000 0.40000 0.60000 0.40000 0.50000 0.50000 0.50000 0.30000 0.50000 0.60000 0.40000 0.50000 0.80000 0.50000 0.90000 0.60000 0.30000 0.60000 0.60000 0.60000 0.70000 0.50000 
0.43650 0.40000 1.57080 0.20000 0.80000 0.20000 0.20000 0.50000 0.70000 0.09900 0.50000 0.70000 0.29900 0.19900 0.40000 0.39900 0.40000 0.60000 0.40000 0.50000 0.50000 0.50000 0.30000 0.50000 0.60000 0.40000 0.50000 0.80000 0.50000 0.90000 0.60000 0.30000 0.60000 0.60000 0.60000 0.70000 0.50000 
0.39900 0.33650 0.00000 0.20000 0.80000 0.20000 0.20000 0.50000 0.70000 0.09900 0.50000 0.70000 0.29900 0.19900 0.40000 0.39900 0.29900 0.60000 0.40000 0.50000 0.50000 0.50000 0.30000 0.50000 0.60000 0.40000 0.50000 0.80000 0.50000 0.90000 0.60000 0.30000 0.60000 0.60000 0.60000 0.70000 0.50000 
0.33550 0.29900 1.57080 0.20000 0.80000 0.20000 0.20000 0.50000 0.70000 0.09900 0.50000 0.70000 0.29900 0.19900 0.40000 0.29800 0.29900 0.60000 0.40000 0.50000 0.50000 0.50000 0.30000 0.50000 0.60000 0.40000 0.50000 0.80000 0.50000 0.90000 0.60000 0.30000 0.60000 0.60000 0.60000 0.70000 0.50000 
0.23450 0.29900 1.57080 0.20000 0.80000 0.20000 0.20000 0.50000 0.70000 0.09900 0.50000 0.70000 0.29900 0.19900 0.40000 0.19700 0.29900 0.60000 0.40000 0.50000 0.50000 0.50000 0.30000 0.50000 0.60000 0.40000 0.50000 0.80000 0.50000 0.90000 0.60000 0.30000 0.60000 0.60000 0.60000 0.70000 0.50000 
0.60000 0.33650 0.00000 0.20000 0.80000 0.20000 0.20000 0.50000 0.70000 0.09900 0.50000 0.70000 0.29900 0.19900 0.40000 0.19700 0.29900 0.60000 0.29900 0.50000 0.50000 0.50000 0.30000 0.50000 0.60000 0.40000 0.50000 0.80000 0.50000 0.90000 0.60000 0.30000 0.60000 0.60000 0.60000 0.70000 0.50000 
0.20000 0.75000 0.00000 0.20000 0.70000 0.20000 0.20000 0.50000 0.70000 0.09900 0.50000 0.70000 0.29900 0.19900 0.40000 0.19700 0.29900 0.60000 0.29900 0.50000 0.50000 0.50000 0.30000 0.50000 0.60000 0.40000 0.50000 0.80000 0.50000 0.90000 0.60000 0.30000 0.60000 0.60000 0.60000 0.70000 0.50000 
0.20000 0.65000 0.00000 0.20000 0.60000 0.20000 0.20000 0.50000 0.70000 0.09900 0.50000 0.70000 0.29900 0.19900 0.40000 0.19700 0.29900 0.60000 0.29900 0.50000 0.50000 0.50000 0.30000 0.50000 0.60000 0.40000 0.50000 0.80000 0.50000 0.90000 0.60000 0.30000 0.60000 0.60000 0.60000 0.70000 0.50000 
0.20000 0.55000 0.00000 0.20000 0.50000 0.20000 0.20000 0.50000 0.70000 0.09900 0.50000 0.70000 0.29900 0.19900 0.40000 0.19700 0.29900 0.60000 0.29900 0.50000 0.50000 0.50000 0.30000 0.50000 0.60000 0.40000 0.50000 0.80000 0.50000 0.90000 0.60000 0.30000 0.60000 0.60000 0.60000 0.70000 0.50000 
0.25000 0.50000 1.57080 0.30000 0.50000 0.20000 0.20000 0.50000 0.70000 0.09900 0.50000 0.70000 0.29900 0.19900 0.40000 0.19700 0.29900 0.60000 0.29900 0.50000 0.50000 0.50000 0.30000 0.50000 0.60000 0.40000 0.50000 0.80000 0.50000 0.90000 0.60000 0.30000 0.60000 0.60000 0.60000 0.70000 0.50000 
0.30000 0.45000 0.00000 0.30000 0.40000 0.20000 0.20000 0.50000 0.70000 0.09900 0.50000 0.70000 0.29900 0.19900 0.40000 0.19700 0.29900 0.60000 0.29900 0.50000 0.50000 0.50000 0.30000 0.50000 0.60000 0.40000 0.50000 0.80000 0.50000 0.90000 0.60000 0.30000 0.60000 0.60000 0.60000 0.70000 0.50000 
0.35000 0.40000 1.57080 0.40000 0.40000 0.20000 0.20000 0.50000 0.70000 0.09900 0.50000 0.70000 0.29900 0.19900 0.40000 0.19700 0.29900 0.60000 0.29900 0.50000 0.50000 0.50000 0.30000 0.50000 0.60000 0.40000 0.50000 0.80000 0.50000 0.90000 0.60000 0.30000 0.60000 0.60000 0.60000 0.70000 0.50000 
0.45000 0.40000 1.57080 0.50000 0.40000 0.20000 0.20000 0.50000 0.70000 0.09900 0.50000 0.70000 0.29900 0.19900 0.40000 0.19700 0.29900 0.60000 0.29900 0.50000 0.50000 0.50000 0.30000 0.50000 0.60000 0.40000 0.50000 0.80000 0.50000 0.90000 0.60000 0.30000 0.60000 0.60000 0.60000 0.70000 0.50000 
0.55000 0.40000 1.57080 0.60000 0.40000 0.20000 0.20000 0.50000 0.70000 0.09900 0.50000 0.70000 0.29900 0.19900 0.40000 0.19700 0.29900 0.60000 0.29900 0.50000 0.50000 0.50000 0.30000 0.50000 0.60000 0.40000 0.50000 0.80000 0.50000 0.90000 0.60000 0.30000 0.60000 0.60000 0.60000 0.70000 0.50000 
0.65000 0.40000 1.57080 0.70000 0.40000 0.20000 0.20000 0.50000 0.70000 0.09900 0.50000 0.70000 0.29900 0.19900 0.40000 0.19700 0.29900 0.60000 0.29900 0.50000 0.50000 0.50000 0.30000 0.50000 0.60000 0.40000 0.50000 0.80000 0.50000 0.90000 0.60000 0.30000 0.60000 0.60000 0.60000 0.70000 0.50000 
0.75000 0.40000 1.57080 0.80000 0.40000 0.20000 0.20000 0.50000 0.70000 0.09900 0.50000 0.70000 0.29900 0.19900 0.40000 0.19700 0.29900 0.60000 0.29900 0.50000 0.50000 0.50000 0.30000 0.50000 0.60000 0.40000 0.50000 0.80000 0.50000 0.90000 0.60000 0.30000 0.60000 0.60000 0.60000 0.70000 0.50000 
0.80000 0.35000 0.00000 0.80000 0.30000 0.20000 0.20000 0.50000 0.70000 0.09900 0.50000 0.70000 0.29900 0.19900 0.40000 0.19700 0.29900 0.60000 0.29900 0.50000 0.50000 0.50000 0.30000 0.50000 0.60000 0.40000 0.50000 0.80000 0.50000 0.90000 0.60000 0.30000 0.60000 0.60000 0.60000 0.70000 0.50000 
0.70000 0.23550 0.00000 0.80000 0.30000 0.20000 0.20000 0.50000 0.70000 0.09900 0.50000 0.70000 0.19800 0.19900 0.40000 0.19700 0.29900 0.60000 0.29900 0.50000 0.50000 0.50000 0.30000 0.50000 0.60000 0.40000 0.50000 0.80000 0.50000 0.90000 0.60000 0.30000 0.60000 0.60000 0.60000 0.70000 0.50000 
0.50000 0.36350 0.00000 0.80000 0.30000 0.20000 0.20000 0.50000 0.70000 0.09900 0.50000 0.70000 0.19800 0.19900 0.40000 0.19700 0.29900 0.60000 0.29900 0.50000 0.50000 0.50000 0.40100 0.50000 0.60000 0.40000 0.50000 0.80000 0.50000 0.90000 0.60000 0.30000 0.60000 0.60000 0.60000 0.70000 0.50000 
0.43650 0.40100 1.57080 0.80000 0.30000 0.20000 0.20000 0.50000 0.70000 0.09900 0.50000 0.70000 0.19800 0.19900 0.40000 0.19700 0.29900 0.60000 0.29900 0.50000 0.50000 0.39900 0.40100 0.50000 0.60000 0.40000 0.50000 0.80000 0.50000 0.90000 0.60000 0.30000 0.60000 0.60000 0.60000 0.70000 0.50000 
0.63650 0.50000 1.57080 0.80000 0.30000 0.20000 0.20000 0.50000 0.70000 0.09900 0.50000 0.70000 0.19800 0.19900 0.40000 0.19700 0.29900 0.60000 0.29900 0.50000 0.50000 0.39900 0.40100 0.50000 0.60000 0.40000 0.50000 0.80000 0.50000 0.90000 0.60000 0.30000 0.60000 0.60000 0.60000 0.59900 0.50000 
0.25000 0.20000 1.57080 0.80000 0.30000 0.30000 0.20000 0.50000 0.70000 0.09900 0.50000 0.70000 0.19800 0.19900 0.40000 0.19700 0.29900 0.60000 0.29900 0.50000 0.50000 0.39900 0.40100 0.50000 0.60000 0.40000 0.50000 0.80000 0.50000 0.90000 0.60000 0.30000 0.60000 0.60000 0.60000 0.59900 0.50000 
0.30000 0.25000 0.00000 0.80000 0.30000 0.30000 0.30000 0.50000 0.70000 0.09900 0.50000 0.70000 0.19800 0.19900 0.40000 0.19700 0.29900 0.60000 0.29900 0.50000 0.50000 0.39900 0.40100 0.50000 0.60000 0.40000 0.50000 0.80000 0.50000 0.90000 0.60000 0.30000 0.60000 0.60000 0.60000 0.59900 0.50000 
0.35000 0.30000 1.57080 0.80000 0.30000 0.40000 0.30000 0.50000 0.70000 0.09900 0.50000 0.70000 0.19800 0.19900 0.40000 0.19700 0.29900 0.60000 0.29900 0.50000 0.50000 0.39900 0.40100 0.50000 0.60000 0.40000 0.50000 0.80000 0.50000 0.90000 0.60000 0.30000 0.60000 0.60000 0.60000 0.59900 0.50000 
0.45000 0.30000 1.57080 0.80000 0.30000 0.50000 0.30000 0.50000 0.70000 0.09900 0.50000 0.70000 0.19800 0.19900 0.40000 0.19700 0.29900 0.60000 0.29900 0.50000 0.50000 0.39900 0.40100 0.50000 0.60000 0.40000 0.50000 0.80000 0.50000 0.90000 0.60000 0.30000 0.60000 0.60000 0.60000 0.59900 0.50000 
0.50000 0.35000 0.00000 0.80000 0.30000 0.50000 0.40000 0.50000 0.70000 0.09900 0.50000 0.70000 0.19800 0.19900 0.40000 0.19700 0.29900 0.60000 0.29900 0.50000 0.50000 0.39900 0.40100 0.50000 0.60000 0.40000 0.50000 0.80000 0.50000 0.90000 0.60000 0.30000 0.60000 0.60000 0.60000 0.59900 0.50000 
0.55000 0.40000 1.57080 0.80000 0.30000 0.60000 0.40000 0.50000 0.70000 0.09900 0.50000 0.70000 0.19800 0.19900 0.40000 0.19700 0.29900 0.60000 0.29900 0.50000 0.50000 0.39900 0.40100 0.50000 0.60000 0.40000 0.50000 0.80000 0.50000 0.90000 0.60000 0.30000 0.60000 0.60000 0.60000 0.59900 0.50000 
0.65000 0.40000 1.57080 0.80000 0.30000 0.70000 0.40000 0.50000 0.70000 0.09900 0.50000 0.70000 0.19800 0.19900 0.40000 0.19700 0.29900 0.60000 0.29900 0.50000 0.50000 0.39900 0.40100 0.50000 0.60000 0.40000 0.50000 0.80000 0.50000 0.90000 0.60000 0.30000 0.60000 0.60000 0.60000 0.59900 0.50000 
0.70000 0.45000 0.00000 0.80000 0.30000 0.70000 0.50000 0.50000 0.70000 0.09900 0.50000 0.70000 0.19800 0.19900 0.40000 0.19700 0.29900 0.60000 0.29900 0.50000 0.50000 0.39900 0.40100 0.50000 0.60000 0.40000 0.50000 0.80000 0.50000 0.90000 0.60000 0.30000 0.60000 0.60000 0.60000 0.59900 0.50000 
0.70000 0.55000 0.00000 0.80000 0.30000 0.70000 0.60000 0.50000 0.70000 0.09900 0.50000 0.70000 0.19800 0.19900 0.40000 0.19700 0.29900 0.60000 0.29900 0.50000 0.50000 0.39900 0.40100 0.50000 0.60000 0.40000 0.50000 0.80000 0.50000 0.90000 0.60000 0.30000 0.60000 0.60000 0.60000 0.59900 0.50000 
0.70000 0.65000 0.00000 0.80000 0.30000 0.70000 0.70000 0.50000 0.70000 0.09900 0.50000 0.70000 0.19800 0.19900 0.40000 0.19700 0.29900 0.60000 0.29900 0.50000 0.50000 0.39900 0.40100 0.50000 0.60000 0.40000 0.50000 0.80000 0.50000 0.90000 0.60000 0.30000 0.60000 0.60000 0.60000 0.59900 0.50000 
0.70000 0.75000 0.00000 0.80000 0.30000 0.70000 0.80000 0.50000 0.70000 0.09900 0.50000 0.70000 0.19800 0.19900 0.40000 0.19700 0.29900 0.60000 0.29900 0.50000 0.50000 0.39900 0.40100 0.50000 0.60000 0.40000 0.50000 0.80000 0.50000 0.90000 0.60000 0.30000 0.60000 0.60000 0.60000 0.59900 0.50000 
0.70000 0.85000 0.00000 0.80000 0.30000 0.70000 0.90000 0.50000 0.70000 0.09900 0.50000 0.70000 0.19800 0.19900 0.40000 0.19700 0.29900 0.60000 0.29900 0.50000 0.50000 0.39900 0.40100 0.50000 0.60000 0.40000 0.50000 0.80000 0.50000 0.90000 0.60000 0.30000 0.60000 0.60000 0.60000 0.59900 0.50000 
0.70000 0.85000 0.00000 0.80000 0.30000 0.70000 0.80000 0.50000 0.70000 0.09900 0.50000 0.70000 0.19800 0.19900 0.40000 0.19700 0.29900 0.60000 0.29900 0.50000 0.50000 0.39900 0.40100 0.50000 0.60000 0.40000 0.50000 0.80000 0.50000 0.90000 0.60000 0.30000 0.60000 0.60000 0.60000 0.59900 0.50000 
0.75000 0.80000 1.57080 0.80000 0.30000 0.80000 0.80000 0.50000 0.70000 0.09900 0.50000 0.70000 0.19800 0.19900 0.40000 0.19700 0.29900 0.60000 0.29900 0.50000 0.50000 0.39900 0.40100 0.50000 0.60000 0.40000 0.50000 0.80000 0.50000 0.90000 0.60000 0.30000 0.60000 0.60000 0.60000 0.59900 0.50000 
